Accuracies:
0.6619718309859155
0.5339366515837104
0.6595744680851063
0.33766233766233766
0.5596330275229358
0.4972067039106145
0.6298701298701299
0.18604651162790697
0.5660377358490566
0.24107142857142858
0.5636363636363636
0.21428571428571427
0.24468085106382978
0.5555555555555556
0.4930555555555556

F1 Scores:
0.6331654119087929
0.4441878684412621
0.6325879412930603
0.3439817428947864
0.49601596177372964
0.3770339698820737
0.6227306069979479
0.18100382093494977
0.5247855917667238
0.24609451571792773
0.5391573849878935
0.20085326438267614
0.2191759912729209
0.5651346361297818
0.4917008058976385
Average LOPOCV Accuracy: 46.29%
Average LOPOCV F1 Score: 43.45%
