Accuracies:
0.5915492957746479
0.5384615384615384
0.648936170212766
0.44155844155844154
0.5504587155963303
0.4581005586592179
0.4805194805194805
0.32558139534883723
0.41509433962264153
0.26785714285714285
0.4909090909090909
0.21428571428571427
0.40425531914893614
0.49572649572649574
0.6944444444444444

F1 Scores:
0.5636988598256204
0.3922077922077922
0.5977798334875115
0.4175303552807405
0.4312158060866974
0.3116567856192756
0.4003003354881168
0.29965099499983217
0.3961066187481282
0.24761177565015519
0.4212587412587413
0.18774689362924657
0.29162622869229815
0.37967821567241017
0.622677432216906
Average LOPOCV Accuracy: 46.78%
Average LOPOCV F1 Score: 39.74%
