Accuracies:
0.6056338028169014
0.3212669683257919
0.6063829787234043
0.36363636363636365
0.6605504587155964
0.46368715083798884
0.7402597402597403
0.37209302325581395
0.4528301886792453
0.375
0.4909090909090909
0.16666666666666666
0.39361702127659576
0.47863247863247865
0.5555555555555556

F1 Scores:
0.5770422258120828
0.32926570686430345
0.4975102468453532
0.33929883521436727
0.5939625102890753
0.31173865200462236
0.7305236033807463
0.3500430663221361
0.4137466307277628
0.3123430711210849
0.42800298062593145
0.1382089492688571
0.28903272560438353
0.46147782701628853
0.5243386243386242
Average LOPOCV Accuracy: 46.98%
Average LOPOCV F1 Score: 41.98%
